Фамилия Фамиоия Фамилия 12 299901 0

-100 0 -100 0 -5 0

0 0 0 0 0 0

0 0 0 0 0 0

0 0 0 0 0 0

0 0 0 0 0 0

0 0 0 0 0 0

0 0 0 0 0 0

0 0 0 0 0 0

0 0 0 0 0 0

0 0 0 0 0 0

0 0 0 0 0 0

0 0 0 0 0 0

0 0 0 0 0 0

0 0 0 0 0 0

0 0 0 0 0 0

0 0 0 0 0 0

0 0 0 0 0 0

0 0 0 0 0 0

0 0 0 0 0 0

0 0 0 0 0 0

0 0 0 0 0 0

0 0 0 0 0 0

0 0 0 0 0 0

0 0 0 0 0 0

0 0 0 0 0 0

0 0 0 0 0 0

0 0 0 0 0 0

0 0 0 0 0 0

0 0 0 0 0 0

0 0 0 0 0 0

0 0 0 0 0 0

0 0 0 0 0 0

0 0 0 0 0 0

0 0 0 0 0 0

0 0 0 0 0 0

0 0 0 0 0 0

0 0 0 0 0 0

0 0 0 0 0 0

0 0 0 0 0 0

0 0 0 0 0 0

0 0 0 0 0 0

0 0 0 0 0 0

0 0 0 0 0 0

0 0 0 0 0 0

0 0 0 0 0 0

0 0 0 0 0 0

0 0 0 0 0 0

0 0 0 0 0 0

   15138680 0 0

   15138792 0 0

   15138904 0 0

   15139016 0 0

   15139128 0 0

   15139240 0 0

   15139352 0 0

   15139464 0 0

   15139576 0 0

   15139688 0 0

   15139800 0 0

   15139912 0 0

   15140024 0 0

   15140136 0 0

   15140248 0 0

   15140360 0 0

   15140472 0 0

   15140584 0 0

   15140696 0 0

   15140808 0 0

   15140920 0 0

   15141032 0 0

   15141144 0 0

   15141256 0 0

   15141368 0 0

   15141480 0 0

   15141592 0 0

   15141704 0 0

   15141816 0 0

   15141928 0 0

   15142040 0 0

   15142152 0 0

   15142264 0 0

   15142376 0 0

   15142488 0 0

   15142600 0 0

   15142712 0 0

   15142824 0 0

   15142936 0 0

   15143048 0 0

   15143160 0 0

   15143272 0 0

   15143384 0 0

   15143496 0 0

   15143608 0 0

   15143720 0 0

   11 -5 208

   -1143954475 -2033076021 208

   30 0 0

   -1328503595 -1194279733 208

   -1999535919 -1110395440 0

   0 0 0

   0 0 0

   0 0 0

   0 0 0

   0 0 0

   0 0 0

   0 0 0

   0 0 0

   0 0 0

   0 0 0

   0 0 0

   0 0 0

   0 0 0

   0 0 0

   0 0 0

   0 0 0

   0 0 0

   0 0 0

   0 0 0

   0 0 0

   0 0 0

   0 0 0

   0 0 0

   0 0 0

   0 0 0

   0 0 0

   0 0 0

   0 0 0

   0 0 0

   0 0 0

   0 0 0

   0 0 0

   0 0 0

   0 0 0

   0 0 0

   0 0 0

   0 0 0

   0 0 0

   0 0 0

   0 0 0

   0 0 0

   0 0 0

   0 0 0

   0 0 0

   0 0 0

   0 0 0

   0 0 0

   0 0 0

   0 0 0

   0 0 0

   0 0 0

   0 0 0

   0 0 0

   0 0 0

   0 0 0

   0 0 0

   0 0 0

   0 0 0

   0 0 0

   0 0 0

   0 0 0

   0 0 0

   0 0 0

   0 0 0

   0 0 0

   0 0 0

   0 0 0

   0 0 0

   0 0 0

   0 0 0

   0 0 0

   0 0 0

   0 0 0

   0 0 0

   0 0 0

   0 0 0

   0 0 0

   0 0 0

   0 0 0

   0 0 0

   0 0 0

   0 0 0

   0 0 0

   0 0 0

   0 0 0

   0 0 0

   0 0 0

   0 0 0

   0 0 0

   0 0 0

   0 0 0

   0 0 0

